7fd1a60b01f91b314f59955a4e4d4e80d8edf11d,1,1,2
762941318ee16e59dabbacb1b4049eec22f0d303,1,1,2
553c2077f0edc3d5dc5d17262f6aa498e69d6f8e,1,0,1
83ad711c054788720d613c2c7f78b6dfb2b84f64,2,0,2
d22c5a07b639a44fdbea53c61f0e651204027e7f,1,2,3
5cd58ba24a16d323e1aa39fc45ed0984ee1bb39b,1,1,2
c96bbd4d4d8f77c3b8417cca5f1dc027240a326d,2,1,3
6861885e4a567c12a569c957a8cc4393a2eed52b,1,0,1
3e4141ebdb61b739f9132bedeb116a5f2420bdca,46,0,46
f16b467a989ad839f5f4cebb608fadbbc43fa924,2195,1,2196
c602f679d2a8488c08516ae704ff0086e1f8ba21,9,0,9
16707ce477bab8d776568ee005b540f5413b7068,2,0,2
1df65e7b8571c81b8b0d1c34a8f182e6bb637bb8,0,0,0
0be6e3a0c03f4221f4faf8d62b43dc6087bc2be3,0,1,1
14e68c07641536bf07ab4adde2f34a736611df39,1,1,2
158f1a74d0155c0dc167b881f464a52f9b2f573f,2,0,2
5492e7a21940e517d9e8a90cef08028e8e85580e,48,2195,2243
78de0f518a779ef7e0db625676323be28c37fddb,2,0,2
76ba238cbcd98e9597c70e2888f2bc8007159328,5,0,5
44eac22bf1aa06311b8f03d4770c1d2b3c9794b9,1,0,1
b7355d41eb87d398c2763272470f882953a713f2,46,0,46
0870e1867b5258b4976802974f868733c8700fa2,3,3,6
4900e453ac8550d5743e41e6398714f14c72b079,46,0,46
6c625e70fbb89be1ac7588dec05e7dd728513acc,4,4,8
744a4f7f2d7bcba81745e7d4810a924888a0fd0e,0,1,1
b09ab23c76ea7bdc1fe2a4960d4036630b15e66e,4,4,8
b3078a905b7cafc6fab4268db9d8642a1f0b89ad,0,0,0
d3bf11f96dda84bc648bc41d855bd2a3c8360fe8,0,0,0
890d545d19a767ec4ded0fd83b873864fd186455,1,1,2
2753b41ae66632a8c54808af65955bc865c55d53,2,0,2
40eba183588ad21df6cc0d9a73346e0e70da4d63,0,0,0
effc2e59c25faacacd07fc5ca4bd512c10231c96,50,0,50
1028e86e9676e8157530d0134d5ba7c23faaa621,1,1,2
467ba0a920d9b9902a2059085bac2662c6813b9a,7,7,14
cd3bb35342492918f48e7aeecedfd9397d173f98,1,0,1
eca1a652fb3939be477a194fe2aeaefec5cae207,337,2,339
f6fd8e1ec835601634c4f8e0d4278dbc7a36ec9e,2,1,3
e0d93254fd9db02cf7fd1b9f35238bdcdbe04a81,1170,22,1192
54197c5a1f02b01291e6ee062fb51d377bcd99a6,1,0,1
89fda7edae3f66ef33c2dbb82a3ad4a4bd616374,49,0,49
6ef0aa2944149150e853c48a0f7ec8149c3cc56c,1,0,1
31eb6237798a1f7448245c9688509c3a225e08a5,1,1,2
3c11c480b91b6ef5a85b31181d5ae02607dbc1a0,1,1,2
535a1fc20d998db7d2bfdd1893cefe27f3bf479b,2,2,4
42905c757fda5ffb08bbda23de0e2de257208b9c,1,5,6
5f020cc91e2c19ae88e92ae9ce3695d980a7e144,3,1,4
fdca706e87df7959005c01ba881a387a8129ae38,4,0,4
f58382b22a460d8e93a77814d88026507b776379,1,0,1
6a663490b5075094de55538982cf40bbdf4fe1a3,2,2,4
687a26b784247ab83d666015540f1826c8389543,104,0,104
5e7b044b6c7636244954cd4f2359db10302869d7,6,6,12
a1143d96a1156bf3fed24bfc6537d660a83d978e,18,18,36
2041ab6fe840b5796df716f41b071223eaa36b48,5,5,10
b04c4a201f7054a4ed3e87f00f9a417d664c9bfb,5,1,6
468ed376505dc8c1bc1326d99d972097cbdbe95d,4,4,8
428023ea58fc373630ffa48bd6e49bbe454008f5,2,1,3
9f4602ac6f908dbc1d04ffea3c47ac5760b3c3e0,9,4,13
0eee98a50affd6791f66509b4640770289de42cc,1,1,2
9d4ff6738a1d4f8511e729bc89127691fc7ff9c0,4,5,9
2f71bc93330c05bec275e55d07cc4d6a6ab2e74f,2,2,4
1632bca34e4803d6b0e0b0abd652ab5968181860,2,1,3
cdd35750261b1db4befe1fe9c22b5356650a6884,8,5,13
b26aa1c8655bfaf54b92b9146ced0663db5e9ef7,4,3,7
e0160d50c5a492a925db6ab3f8478e118336c722,162,88,250
b0f13e5d391c0deba4327eb15c07e7321f3a871e,170,26,196
60e63b960f19d4c846cf32d47d2a974297ae253a,0,14,14
ec52a5698e2dfea7050a0b015f0b79abfb2d81b7,555,102,657
46db4e996d686ffbc8ec4cc7d559d6897288b780,550,538,1088
481dece5808d1207acd66a6a0365efee729cf0f7,108,86,194
f9e6aef82880615d7d11fb9facf9edfd8c80dcf6,208,96,304
bcc1b3121e3052f88a643eaefe93f300a4bfa7b2,6,36,42
c99c5f1df6e3c274d34bd2e5f0b27ac4af481f94,240,198,438
54b5b32d53355ad1634a97e604a583e8da6fa842,72,72,144
e66e7a0fb875dac2d3e34c005c5be7503f979143,320,396,716
12d7a9ad7082106102b7dd9fec4c75abafe1c2a8,110,294,404
ea7b2ec2898c615f648aec30fcbcf73aed156583,24,103,127
8dcedba15a4a0f5545e3b386355000208884b24f,46,9,55
b86baa1cb7b0838169eb762873d53442b9075c94,47,0,47
a9add2fe08cc3fa8fc811f6efce84815827fb98c,2,2,4
bafe912a5f20736c40f505a47fcb238a375572a6,4,4,8
4ebaeae40dec52c84c968a25f1f21f4d0f571336,176,104,280
5b2e7253f92a879894f7371472e43c2cff511b30,18,10,28
caa60e8fccf4346c64a92fce0e6c171d0ee9764c,4,4,8
65f35035a6184865c495934c89477a4d507fba1a,4,1,5
1f7a901d7b2fc073e29a1887553b1bd18080da1b,81,9,90
f56dfe950b206651913bf0b836c10592c393357d,157,0,157
548b542b41565340a9ffd36d0d4e5e1d244cc113,1,1,2
d68b09defca37c30d3a7a34d4de884e374c74858,68,8,76
0579154772af551bfccf9ff0cc7076a39316344a,2,27,29
e8f4a6653dc3f5d9702236a3abed887ca44dcfbb,1,1,2
3e8c91c5f8e142f341b407bdebfe4fe4e0930914,1,1,2
bb49abea2377d6391a98cef536e9da4c26ddaa39,51,17,68
4bc465a16f3270283886221604c1187fc976859b,4,4,8
e0ac61412137144a43dc5a2134b4cd620bb4c30f,1,1,2
bf1294ba6921b784d00b5ba822663ee229ae11f9,44,42,86
42289f25c69ec7a36d2e3ef424d32f77bc7cd19a,18805,23917,42722
7a37fe9f2855b2b09fb478c05be213211c0a1cb2,225,251,476
a248df06824db1c40346b84de07ff905b0d0606f,251,225,476
60b5a3de9d1c249d2322e56612d11d67aecc1d82,28,12,40
2a81e440f4d38348ee3fa7aca88e7c9a1dafbcf3,2,2,4
f8f3ab377b8842c2bae0f215a0e90aaa3a1e070a,3,3,6
5adfe8ef240c1e6a4c39eaa40f286177736239bc,1,1,2
b1d06837ddc1c61588b7956ea053b6c9e0f3b133,2,2,4
b57f8bea61a0df28792c446ce2bc7be75308bd78,9,9,18
24649b99301001ea1b4fe974e270e8f572bf6034,5,1,6
f1a2816ba9432b3bf186c94e5f538d72d992dca4,20,1,21
d4270d2423ebe9723e4f45509ba193529e9469af,12,1,13
1c11a5715576632a4fb7170202395cf95dfbce09,232,14,246
a3f344ff6e6b5fd772d1e905a83ec44794a71cff,63,0,63
29d38917825b9334a049799cdac60f0d39baf65a,5,4,9
035ba83b16772b7322745f9a5308b3287f5726bc,5,5,10
d56a537196d2ab0f3f48821889020d2f5bc621ba,662,1,663
5aeaedfa03e6ef8d1ad35125e8037afd6f66fe92,34,15,49
adf4b6d33dbef96c3c5e2ba3a3b9780e5f9cea4f,1,1,2
b2d06527dfe5283954d60c4662ce89e05f630bf3,1913,1793,3706
c0c18b711323fd4e36df3fd1eaba134fb70f3579,2,0,2
8b1a2f104864afd2aa7b7c938c01dcf1d973fd6f,1,1,2
085d94e0945e5404f1e2e7ec31e6c9ea41f75c3e,4,0,4
71e9068377af4d43d76e475073d711862d2d86ce,2,2,4
99154cfaf27376516d8b12785ea95feeb067598d,1,1,2
2b12959826041d282d09ff720ad3451dc02fccf2,19,0,19
115aafbe51cf0ff6ca0dd47d64f944e37e5dd86b,59,1,60
e1e440d65af928e569533bb1725eefcdf0794ebf,5,0,5
6aa11872c88481dfa2da151536317176c48f226c,14,14,28
712ae57dc7891f8029901fc8b7a3b342e70ac89e,4,9,13
23760b5c7a350484ef1eee18f8c615027a8a8ad9,10,937,947
9f968af556b58cfed2aaf2cd2f00a82bc6e2077e,9,5,14
2317eaf4ef46a884ac307f4ae1cc7dbb7e0537ef,3,3,6
d47cc19e201c425801b8ac40ec32d279ca42a508,16,18,34
4c3d1e91fae9344d3453a694aac6f0fc54c94cba,16,6,22
6e22f770bcd1f51f1cf8cee4720839d61e3b18fc,4,4,8
00839f87d190c032884b0478e86b175f47a128b5,25,20,45
519d52a5d325faaf326678cfc096a1ffb4d4b22f,3,1,4
c1740aca77170d0bc5ff7972bd05933ed307321c,14,9,23
1c4fc0e6b02e5c9a86793d3a892ab2df81131641,14,0,14
e78568ec20f7b34bbf655231df49b438c6279dbd,1,1,2
86f8b52822c7cd6a9b4cc14755c69c51bb289107,2,2,4
05d05c0e69f446c9bb4ee911fb9004bd386c76ce,1,1,2
f1f218f800dfdcf9ece9a28965d5efa91c826bb5,10,10,20
478d189618f27515d93419cd61866f841e5a6832,4,7,11
93bd4406ac4b07339a9c623f7e4ceaa11bfdbf40,4,4,8
abfbf2d43054e15f7a6b90f252b50555e7f816a2,10,0,10
e3d81c6f9add81188c47a7f35015ec6836c18f3e,25,0,25
0368ba4f37ef1ef28eb785261ab76a68f7fa03dd,12,2,14
87bff5a9e01988315f7a49d5a01abe120c79800b,8,6,14
531b7619b137aecd71441e1ea53dae3066d71bc8,3,3,6
30a43afa10e3ae461edc1152beb11b1e61dc4469,19,0,19
c785df83774fe6a71e13e916197d1e2bb8ef454e,3,3,6
515467a618479792abedf01a7b1dcef2ac2a17ed,35,2,37
4f6f39a26cfc0d78d6b09fd6d3802d45aabb758e,24,14,38
39451c7d7362a985648d63ecdbf9e6c786552bb1,15,17,32
6771a0638f8802b81a1698333e6e9ec0a749e058,17,17,34
7094fc081ade9208e9f759a9145ec34a28143bf1,20,8,28
1ed38dd2d01d96d0105b22d4c2c579627ab91cc4,69,18,87
0a04ab7478bdb67600999e425d0786f57f41e50e,77,13,90
a0924fc7c763797b2927b4c3cb0f321ead49e645,12,0,12
f4fbb83d4a7b3f567c4a5f8f0a14515746a06449,60,5,65
3d4f4c6995587145c19c13892f84cae81d2eb334,4,2,6
9c12d85c5ddf870f15e8d5252b2192101166994b,4,0,4
de0bc57b6e522395d62076eb60b6b6c92488be2e,181,210,391
1c9259146663e42421d3eb10e73502e4cbadc397,55,18,73
eddf1715ee680f7ca407c88930df66c0a8c04a70,14,19,33
d8623bb90f39b10e95a4f572e6eacb1e278538c6,6,1,7
5feb400aff8e7b8968174b4e339b98ce48412180,2,2,4
630bf80a22132a08be11e001a4ab3ee0124dd5a2,91,64,155
51d7153ea8710915ad2580ce06944f8d6339130f,33,3,36
345f5cc351f807b3bf4b97fda915c06521c71902,22,22,44
26aacb04fb6625f973cd18adac6424e25e5dff8c,62,4,66
0164ac60f2f6d240b9dc1fbd8dde08c0cbc22a99,2031,504,2535
f3088266038543814b3151ab0965c6c9f961596d,3,0,3
049bb22c1c91f1928d31aa1fd2f4e939a71e0a48,32,226,258
9110b5a4f1def444986744bd9fa68eb22b340ed6,190,3,193
633050402f8706cb06c1874338ab9d5e6aec1107,146,13,159
ad997344893403948a70edb47b0d056658458e39,6,4,10
211ce73c87780d3d51fc724135fd366aa994929a,22,22,44
d0bf3ee64ccff11c565923d12686343e7cf48b19,10,28,38
cb565d69cf494070af0845dd643e7a7805f6ce51,32,2,34
07723be8b3debd159f096be34327b79326443995,7,12,19
9805399faa6b0ec95d3b1c2d702627680368203c,261,922,1183
d3af135f997093418a4b37f6eb3f7af5eeb00d56,13,6,19
5a627019e98271277190a842e6d00cfc40d84936,1,0,1
5429e8f12e7bf54177ba68eafd65160017b90cde,22,11,33
e146168c3bf2056c6e722a949bf67c0affeac118,22,22,44
777a4b7f5033c86c37cbd93008f3ca792e4af8bc,4,1,5
c1d02ea3539ae81e960d8d43edea137e75bd4453,7,1,8
ab1c6cb442c9418128c85ad2cb14ed162af44933,20,24,44
3ab12f9f104903b2c80813204b114f4103f1cc9b,87,53,140
c7ea13ea9fe10cfb7687ede9456b246f9f9afaa2,52,51,103
706e2a523a492a65dea9725fd68be267d7cadc29,39,49,88
e641194e7343453af2a61f276ba0b0a56e183eee,677,669,1346
293dc11ae69c4f24ca9bf217523958eb93a415de,15,15,30
eea6db14717aaa352ac312bf9c611114b2821df5,16,16,32
4bf7c35b6ba578f5dc0b35458f3bee5b6d73a9c1,10,10,20
4a986da84dc70a18be8c33451403d2a0db596eb0,5,5,10
1208fa185f34cf1de1129b8b621d5f72b65e266f,138,5,143
5e7785368c8563f14253fe2a39c5cd729dd87fde,184,93,277
807f506887dcb1c9c86411ec9c0f862d5498259d,4,0,4
5a4c280cd49c5611f228e433203a64264c6a78b8,5,5,10
3ebab89da096f447bf5beef9f8b9a578564f30c9,5,5,10
6f73c36aee1a47e34b9733759e145a8a0b1b7a5c,11,6,17
76143601f79213bf7db9965da5f83e70379ba0fe,628,664,1292
1f8513720c568711deb0f507318cf76e71bd706c,0,2,2
034b9901df8a304c6a97cf649a07cba7fbc55446,1,1,2
39779d8fdbc84ea7ed0d388a8278b119b3020be9,1,9,10
816007b994a83739536be6cb968eeb9b325feec4,5,5,10
dc64e4eb98210461251a5fd6f792288387787874,1,1,2
4104d9c0700dd431dc26a0e7bd4fb55ba1c060ea,5,5,10
fc5266d8cf268d794d92a9ee8eba0cc676992754,20,10,30
3e9d7e3e7cbdeb707e3aedc1bea7b24479361cba,1,0,1
6f94b1f9d7205b5de9215bdc16b7a9f67a61a0c6,5,0,5
dfcc26e3b71a893ef04d49f9bd3adbbf235a0b15,2,2,4
dc0e1b9ad72fc583ec115be5711532ae784afbfe,64,75,139
9cc2938dc04536acccbd2029a98095d03de58acd,1,1,2
7a6611486d8c4d37f8a354e7e7ccc4008a543525,98,0,98
0a425d650612a69a215a376aec2ae75a35548ac7,6,6,12
3abccbe4b998e90316b0718a5a0ef61d2b9f1e15,6,6,12
0a3c955c10963397c738cb09ee13335bb72257ab,3,3,6
09d668ed13c04a06a3e8e3114e90352d8af96754,3,3,6
3553ffd533a825b3cad1172651833e8aa63f1cbf,0,2,2
8da8eac506329e4c55f89997094c9a08a449bf39,30,0,30
562914149ecf44f96d8cfcd82be6c6ead25fd651,535,0,535
1e46c2b725ca1b6cdae32e3e7a751c1ef056f1ef,1,1,2
db5d16f769b4cbb160a3f42e22bb3ba4de6a09f9,84,84,168
503e0f541bdad9a7dadbcd9ae33fe76b3b13cd46,137,0,137
da6ba7764a0176cb28a8eb29b895cfbc02e0ba1a,2687,1,2688
2d1336a7d4d334f2492ea05f68f6cb49aed1bf30,1,1,2
7d30fac5426da48c761c12b1eec64cf4cb7aad91,27,0,27
7495a8f7e37fcefab434ffd5dfb5a3c332e3f4c5,2,2,4
fbd2da46c94d458ca474776918e24a5ef510e8db,10,7,17
7a5ef0d5ae9f409a4034b67b6f68519f05ec3565,3,3,6
c9f9004bcfe1b07c10ad5812d852c7545175536f,24,24,48
7a9e8c8ab37b9d10259c1cc2651ba058c59f7b0a,5,5,10
e11cc1338acabab7f3ca3fd46f9042060ba78551,1,1,2
4288f43438110ab419d5ae8c54d75084f59e559b,2,2,4
553ce4bcad275a78d14315397f6f4a2485fd8729,3,3,6
e959cfb7fa50414d36ead59f8c1b63669d844840,3,3,6
ae3e762a529d8997d9d20930f1e8f7aa7f1f9fa8,2,2,4
7782e3866fcad057bbf255f552585013cf56913d,65,7,72
15b4d6c616a1b52284f6674096675347c4e7bcf2,1,1,2
2c0ccd07f2b8ef81f775f168c1ef96802201f082,3,3,6
ab8afd39a0745bb4ea547b9f4464e97e7adee55b,1,1,2
c37443e39f1e3d986324a99e62e9c939ac149852,5,1,6
a35ccb0b3e76bb94dc08b863624fab1795e61257,3,1,4
b4377fb03089dd7f08955242695860d47f9caab4,2,2,4
34b5bc39f1a7b8b999e041db5c3b84c0ebe0f850,2,2,4
d4e39c9b10767cc77c7d0091f2eae06a6ccfc33e,7,3,10
baaa5e8d26f869c2520f991b34e701f220a66313,6,1,7
274c8d570155a05b016980294d4204c5711bce86,1,2,3
38bc026fe46f807627967bed1e5e7415182cba20,5,0,5
445322db64f0dbba35616ee68366f9d929970a3e,2,2,4
152bd5e85a9ba941d6a3f38643317bbfb6e1fbb3,6,1,7
afc2cc34327459dcda12ce0d0656a0ffecf100a0,1,1,2
371537f393da4862c624bdd90ae823bda0e251ec,28,42,70
c05ffb2417908650ec789aa442020e34669ad824,7,1,8
97a3238020ddf3d9ae8d7e0d46d542c960cfe93b,2,2,4
e0bb39351941fa06978dcf90ea57cf3923c19143,2,2,4
c4000b932a452a5d33663310b28ce7d11ea88f33,158,95,253
31c6f21878a4aeb13e6d3547252a88aece6002b0,53,98,151
91cab81f69d7b8258846e1256d06a11e544c0870,1,1,2
d8cb404da74c302506f91e5928f30cc75109e74d,2,6,8
52e710c14ec0197cfefe131061e1fe41c966f93b,14,1,15
1bc8cabd447ef9ce69d27ae70e67eb47daeffc21,38,20,58
37ebbba44cb1a7cf994c43f4b8e900b9fe7e6d22,8,8,16
930a6f2e4c98df904ec748a6a2bd4928ef6218b1,6,6,12
366bfa66380c08304101c6add46355696e90b348,20,1,21
f3d3a075cda2acc02011e71991c10bb5b4a15278,237,145,382
eac8cc605b0ee7acf32b9b3c7fa62fa66cd35de0,14,0,14
be6966b2514c53097b98e218afb52e813859dfe1,1,1,2
4fc997b97e39359c3699aa95c80586277ea565ca,16,3,19
96f11d8c810de5712ba4f80adaa402057565a3be,2,2,4
c12a08c479ba139718bf8ab7eb21a3a5d0c520d7,16,2,18
10a6d02c665f35826114d66ee8f37bda1d89f59e,4,2,6
ef6c478a2b2b97ccc996ed6169f3f97bff2e5395,2,2,4
01221d30a78483a212ccb2d3e9b2ee0094b916cb,16,23,39
4bf403604bc13bb284c194878fec10d03c93dcba,1,1,2
f0df78265c393f0dc4730500f405ee10a94bf2e6,8,1,9
2fd54099d068af93965ec72e07c07c59e24916bb,17,5,22
9217166308320e1c2ef04eaabe1fbc07d1c74913,5,1,6
cd2bd437bea532cf79007e21eb94ca8e94d262be,8,1,9
1c0b6b6912d640e6cc626c4afc4f34683a01f03e,42,15,57
d9a07c7aae6944a847aae9dd3d952b189fba71e0,9,0,9
dece3eda42161a63fb0b4ab9598516e12d6af285,1,1,2
d4ec81398957f4a10cac6f820bac206389e5b3c5,8,1,9
aeda5599a67b2f88f73a9c6e717f04e8f16755ec,1,1,2
32a7ccfbd1ab5e1928da27149fe67d88d3308f7f,10,1,11
1330b8560b8f221b4648f9a5107aaef0f54c5730,40,0,40
eec33703525e6ddeb609c698e0daf665fbc13d16,10,6,16
8f89226f3970c065ecd90d3e204e7f8f88c86e95,1,1,2
83f60af73dd6b7a86167281bca7f85122c83818e,17,1,18
d6f3fdd7f853c44c9e1cc5c75df576e4a8900839,56,33,89
4101e37cd1d00b82d41a335c50bf91c541d7bba0,5,1,6
c803cc07c037cee19a078fc212ca44c91a0d73df,24,3,27
5177dc7e5b31ed6cf7f79d89b530553e3b159313,1,1,2
1dfbe54d3aaea77525e4330138588325453c78b0,8,3,11
2ce93d6f4bba58011aee63c6702848945c40b7c5,14,1,15
62764fdaabac5c20f2dcc12f8140de754b6da731,616,396,1012
356bbc20ce941edaa8a859bfb36ec104d6201525,28,8,36
89001e7cc3e413695287e28a5fcde315fcf1431d,129,234,363
cc5a7ff54816875bf67ccd38d4ba99a8971d793b,1,1,2
73c09e222f15163774051bec6f3c755250ff712c,8,1,9
3f6aeadd3ff8da6e9964820c86cfa138ad95bd78,1,1,2
143d17f70c525c0a0a929a4e466ada9360523b6a,113,29,142
aa2e2c411d6541ad148c0325d01f08fad5a62a8d,18,9,27
24cb156832fe14b0f96d7041c73a35afa893718d,6,1,7
ef178ef620c1deffecae391433e94bd64c72ac44,9,3,12
6022c984b35e6aa4b6403048ffee3c8d01a8ad2c,7,6,13
3677f3faac8c3d6ea6e04f0f06c70c9637f501b8,62,58,120
c52a16370840e4dd88b81d3ffa4b40f34d467e2c,5447,5311,10758
80e701e25cfac71d220acb646c6f4964c829de84,21,0,21
c41a92c96eeb8c2db4875c94c2eabcd512e044c4,126,2,128
171143bd52720ee4a65844e5ca14667dd0187f8e,94,37,131
f78b4cc0285c4df5248324367453a5c4a0f3d1d6,2,2,4
df10f6d34bd59b736cb723250e0b02b2cc5012e3,726,0,726
7cb492a37352ea2402f783bf83fa0bef7ed29036,74,10,84
9a3a38cd7f7b9122c79cd0e220f7ce62130e53f6,13,0,13
1d51ed8b7eb991e151759f9dbf8643b4ed781457,49,2,51
badc532c719f7ce42b7cf4fb9ff2d97f4615b021,62,7,69
a6069c40e78dff3adeffa7d2abe11c9c05503d22,31,10,41
365cd09a88a1c390045452aac82510c143ffe257,20,5,25
949ebe45d0656cfb368a93b4288f28b838a7447d,36,25,61
18b0ca6c1403e79a830cda654b85027c9799be70,1,0,1
3cff5a2174abdd453b973ba42f0abe8fa343840f,13,2,15
a01ffdf6e58ea1c5269579215a442a53b04040f6,662,420,1082
ae3587038873ffcc4934fd008a0b45db4711561e,81,73,154
8111d1e129336001ec3a70cb90b3fbacc33db1f7,7,6,13
b8ceafb00651b9a4b5021ac5a3d1d960ceb10e6b,73,2,75
8a65d827e24d8882e8dd2a1d195670920d5b8b9e,1,0,1
5fcf40ea224adcf168f348be7cd82c96835ac37a,4,2,6
82af2a98073b1747cadf0c59a6e89da6eb9cf88b,0,28,28
99cd7571ad8c17ca7edc4398d57c8b03fcb272a7,4,4,8
687c9a597e5f87595490e4cf7909d3dddd5b35ec,5,0,5
d5859fdd399347f077f7b46fae427b76090ac7e3,2,0,2
44a4d130a58cda00cbbc7a8f983f9f6b00e52744,14,0,14
afdc689d73afe2f364831216abc44df87996a197,1,1,2
368121dd1fc0792011c1b9a420080f7c421c23c8,6,0,6
f18f3ffad49d2b04956cf0f2d57db1e491300f01,1,1,2
402298f75f7eec3b1018aeb510c4072c344c1f39,3,6,9
46939ad105eb674e69756b112e14ff6d74b43714,1,1,2
75d48180bc8823dbe015ab3171cc0d5db5816976,3,6,9
b45487aeff0888eec0cfbbf8a25a9417d95fefd7,2,0,2
ef4e1079bbb8526753478a4246ed90a03035df28,2,0,2
943dc0b24ddd041ccff219e2a55281e89a6fa2be,1,2,3
5a2d2b18840e595329a188e3db84c46fa0c63a65,1,2,3
e3a6ca0a242c845ff0dc712c31b3c506c49a3c4f,28,0,28
6b337dd180dce6584b01323d5064cbc144904a22,28,0,28
a25b6d11477fc3ec11d061c4945ff1c63e1ee65b,1,1,2
e02b7fc57e7c0213e7237f4c1a9221259747d21c,2,2,4
2616685442696a72236460d74c1f3bb5c3ffa65f,1,1,2
1da25e78d3a0c0e14b1f647343842381fe610c61,1,1,2
95c9d2794e93a61d328868cca93aada26af77276,0,2,2
802cb4427d2679008d2c996912908c452b1b5499,1,1,2
d80d195ecf8ca31c39348cab0368120d737e943d,1,1,2
4cc90de1ea0060ee90679f18422da3f923a6d8f7,1,1,2
91bba65ba9c9e6746bfba5ad0005fb9e690de52b,1,1,2
16c30c664c271707a7cfdd39b8793f2f837bc4a6,1,1,2
7e5b833f8d6e8630c53322837e94609f720103a5,1,1,2
d6f4cecfcaa7c39210c9968dfd3608fec069b154,1,1,2
f794d533d0037738dcf6b0d799233381bd8f4d7a,1,1,2
bccf249545cb665a0c1a7f1fe5f02aa0ece8c3eb,1,1,2
42bcf07843781b60fbc15b9b10f12b70b6e6f8cd,1,1,2
39a5b268e9b5177f5f713aa6dc7e9bdc2e2259bb,2,2,4
0eef618ab1e1196b274492fb90ec56d3508cc8f7,2,2,4
2c143a7b1bbdeb1375ab27a1773cca8d6bd7e54c,9,12,21
9906e23118ef2bfaffc09c13ddd0dd051f5d895b,13,13,26
1c07143be498708b82d4a079569593ff847a31fa,247,195,442
c8df665bcb89425728cd22e93cd87819cd221dc8,5,3,8
53bedd11021c0e532fb57d12d27d70edea4b282c,1,1,2
69f5cbdf641ef09b0813ffde090c61c2ed765d07,2,2,4
99d1b3270d9ea35b06d12bfebaf1a94731238f91,7,7,14
94774e73b0ce8b7055f134853ad2301842eeb007,5,5,10
a8e25b739bd0e1dead1a2970c3e9f6062098049c,20,9,29
0aed7797a7ad4b6954fccdeb84bdb2c7531bf158,31,31,62
9072e1100c92b0c3e73cb5ededfaa8cb9a6c0fb6,1,0,1
1a4b794be7ae1124739feb28db0c609496523242,253,246,499
ee7fe52ee85b2b7c27a388e20acb17b887fc100c,4661,1017,5678
b2b0c4abe30279c9a9a21073af8a2166e2c18466,5,3,8
17790492964d2d232a0a0c92b752a97fb0778d05,3,0,3
fae15d3489504fc9c6da6d0ea42d3bbb9cfb4ac8,14,2,16
1eec62eb3e1144510db594478ee44d6fc4f7ec9c,37,36,73
91e99ad287a42f393314fa8b455d7eca0933076f,1,0,1
885b3f9442a4bae94f5534421e1060a32e2158dd,269,269,538
7b1fda5b660675d150ecc98f6950fc031552e21f,540,267,807
c7b56161a54deb458fd0cd0942daca4611f631f1,6,5,11
d93cca964ee406a84e1a727807dec8d7421b0655,27,7,34
891265de8bc935967cb117f8f6b38838ef6fc849,7,3,10
9128d4e60a6635c2616c2e424fdc052bf7273aa3,23,1,24
bcc61e42a99891ec6c4c8e2b0c98b6e0022f4294,3,3,6
f4607ebd275cf0fd2e897ae94beb61895ec6ab2a,3,3,6
e4bd2039b4424fdddeecb620783d5bcccd695648,1,0,1
896e9db7d8a983baf58a36654cffea56d81db6d0,2,2,4
cea8e64359292d5201501d6673496a083ec31bb5,15,1,16
f9e51636d8d5be06b1d74254a7bb2b5d9b9a7d67,6,6,12
e4c6621ba8765cdba1ceb0bd4d045f425e0acaaf,0,15,15
21256ba8132246dc56522b3a5bdf2532ff15cea3,8,8,16
9cbfef571890d807e2223fd086ae8e4bfc007268,4,2,6
4a910c23214096a4b9d273a80349097d08cac3f6,23,0,23
2b93200690b3aaa5de803557a4cb699ac6e10f7b,94,18,112
3b152ced8bd57ced34cbf5bc544942c4f804ad28,1,1,2
7953fcc25c7e586958830e79d8c72f70b544c56c,1,1,2
5cb40460d744c2a840f21d937e71e202471f7e21,8,8,16
fee67bdee599e6f6ccdb8d1ca52fe77d39ed492f,8,8,16
455350bce21c4c9fb43212d6211846885f8249c9,8,8,16
b10d3f53d3852e94fea7fa926f6af1d3d254eb84,8,8,16
3fe20869e1671171fdf7b32787dd4e97e1f1ed55,23,1,24
8dc1c69af3f1d23e9e381974cd1337bb80306d36,17,0,17
5943f2faaf830e792e3e6e32fe1ac6e3e2cc024b,29,2,31
a5b584053c06675f4de362748ee795637f04d747,8,8,16
84172a68be94bfe98feb8da56217fe81e84e12d9,34,21,55
e262d4ffa1f6b4373454445c867ec0b4d1d2e4e9,11,109,120
e0f2cd7bd352a7d99828dba6e1d963b8053860b0,0,45,45
1ea8796ffb838dac8179910a605be0d35dfabd60,7,66,73
141b38807141181d7c0258188f03230ca458f765,5,12,17
2d1669f248c926712971100e06ce8c32f1dc71db,0,2,2
c670b9ffbe60af0416b5c304ecfd55ef67f222b7,27,8,35
0d1731b30eb19318bd86a5a9a30abe5fc7310e6f,1,1,2
c2146020c567ed5c67a5936518e696de6827a3f2,331,311,642
d061f2d66011ab9ebeea8b4f21defb2e810ac624,9,1,10
0d63113b63a84f78bbfef16702991e80e5c60dd3,48,4,52
681e8ebb8914285a9490c31240337424a3549a06,12,5,17
91ebbc3963c311f88b988d1faa056f5eb7b34cf0,66,7,73
9e79850a2a82bf33f3e1e3dc434a87c7b236c3e4,2,0,2
815941e7427d5977ac0187fc5ac28f37e42f66a3,24,3,27
fdfc4e1dc5d52d151b9452597cafdb58d09052f8,25,3,28